2000:  00 00 00 00 00 00 00 00 00 00 00 00 00 00 00 00
2010:  00 00 00 00 00 00 00 00 00 00 00 00 00 00 00 00
2020:  00 00 00 00 00 00 00 00 00 00 00 00 00 00 00 00
2030:  00 00 00 00 00 00 00 00 00 00 00 00 00 00 00 00
2040:  00 00 00 00 00 00 00 00 00 00 00 00 00 00 00 00
2050:  00 00 00 00 00 00 00 00 00 00 00 00 00 00 00 00
2060:  00 00 00 00 00 00 00 00 00 00 00 00 00 00 00 00
2070:  00 00 00 00 00 00 00 00 00 00 00 00 00 00 00 00
2080:  00 00 00 00 00 00 00 00 00 00 00 00 00 00 00 00
2090:  00 00 00 00 00 00 00 00 00 00 00 00 00 00 00 00
20A0:  00 00 00 00 00 00 00 00 00 00 00 00 00 00 00 00
20B0:  00 00 00 00 00 00 00 00 00 00 00 00 00 00 00 00
20C0:  00 00 00 00 00 00 00 00 00 00 00 00 00 00 00 00
20D0:  00 00 00 00 00 00 00 00 00 00 00 00 00 00 00 00
20E0:  00 00 00 00 00 00 00 00 00 00 00 00 00 00 00 00
20F0:  00 00 00 00 00 00 00 00 00 00 00 00 00 00 00 00
2100:  00 00 00 00 00 00 00 00 00 00 00 00 00 00 00 00
2110:  00 00 00 00 00 00 00 00 00 00 00 00 00 00 00 00
2120:  00 00 00 00 00 00 00 00 00 00 00 00 00 00 00 00
2130:  00 00 00 00 00 00 00 00 00 00 00 00 00 00 00 00
2140:  00 00 00 00 00 00 00 00 00 00 00 00 00 00 00 00
2150:  00 00 00 00 00 00 00 00 00 00 00 00 00 00 00 00
2160:  00 00 00 00 00 00 00 00 00 00 00 00 00 00 00 00
2170:  00 00 00 00 00 00 00 00 00 00 00 00 00 00 00 00
2180:  00 00 00 00 00 00 00 00 00 00 00 00 00 00 00 00
2190:  00 00 00 00 00 00 00 00 00 00 00 00 00 00 00 00
21A0:  00 00 00 00 00 00 00 00 00 00 00 00 00 00 00 00
21B0:  00 00 00 00 00 00 00 00 00 00 00 00 00 00 00 00
21C0:  00 00 00 00 00 00 00 00 00 00 00 00 00 00 00 00
21D0:  00 00 00 00 00 00 00 00 00 00 00 00 00 00 00 00
21E0:  00 00 00 00 00 00 00 00 00 00 00 00 00 00 00 00
21F0:  00 00 00 00 00 00 00 00 00 00 00 00 00 00 00 00
2200:  00 00 00 00 00 00 00 00 00 00 00 00 00 00 00 00
2210:  00 00 00 00 00 00 00 00 00 00 00 00 00 00 00 00
2220:  00 00 00 00 00 00 00 00 00 00 00 00 00 00 00 00
2230:  00 00 00 00 00 00 00 00 00 00 00 00 00 00 00 00
2240:  00 00 00 00 00 00 00 00 00 00 00 00 00 00 00 00
2250:  00 00 00 00 00 00 00 00 00 00 00 00 00 00 00 00
2260:  00 00 00 00 00 00 00 00 00 00 00 00 00 00 00 00
2270:  00 00 00 00 00 00 00 00 00 00 00 00 00 00 00 00
2280:  00 00 00 00 00 00 00 00 00 00 00 00 00 00 00 00
2290:  00 00 00 00 00 00 00 00 00 00 00 00 00 00 00 00
22A0:  00 00 00 00 00 00 00 00 00 00 00 00 00 00 00 00
22B0:  00 00 00 00 00 00 00 00 00 00 00 00 00 00 00 00
22C0:  00 00 00 00 00 00 00 00 00 00 00 00 00 00 00 00
22D0:  00 00 00 00 00 00 00 00 00 00 00 00 00 00 00 00
22E0:  00 00 00 00 00 00 00 00 00 00 00 00 00 00 00 00
22F0:  00 00 00 00 00 00 00 00 00 00 00 00 00 00 00 00
2300:  00 00 00 00 00 00 00 00 00 00 00 00 00 00 00 00
2310:  00 00 00 00 00 00 00 00 00 00 00 00 00 00 00 00
2320:  00 00 00 00 00 00 00 00 00 00 00 00 00 00 00 00
2330:  00 00 00 00 00 00 00 00 00 00 00 00 00 00 00 00
2340:  00 00 00 00 00 00 00 00 00 00 00 00 00 00 00 00
2350:  00 00 00 00 00 00 00 00 00 00 00 00 00 00 00 00
2360:  00 00 00 00 00 00 00 00 00 00 00 00 00 00 00 00
2370:  00 00 00 00 00 00 00 00 00 00 00 00 00 00 00 00
2380:  00 00 00 00 00 00 00 00 00 00 00 00 00 00 00 00
2390:  00 00 00 00 00 00 00 00 00 00 00 00 00 00 00 00
23A0:  00 00 00 00 00 00 00 00 00 00 00 00 00 00 00 00
23B0:  00 00 00 00 00 00 00 00 00 00 00 00 00 00 00 00
23C0:  00 00 00 00 00 00 00 00 00 00 00 00 00 00 00 00
23D0:  00 00 00 00 00 00 00 00 00 00 00 00 00 00 00 00
23E0:  00 00 00 00 00 00 00 00 00 00 00 00 00 00 00 00
23F0:  00 00 00 00 00 00 00 00 00 00 00 00 00 00 00 00
2400:  00 00 00 00 00 00 00 00 00 00 00 00 00 00 00 00
2410:  00 00 00 00 00 00 00 00 00 00 00 00 00 00 00 00
2420:  00 00 00 00 00 00 00 00 00 00 00 00 00 00 00 00
2430:  00 00 00 00 00 00 00 00 00 00 00 00 00 00 00 00
2440:  00 00 00 00 00 00 00 00 00 00 00 00 00 00 00 00
2450:  00 00 00 00 00 00 00 00 00 00 00 00 00 00 00 00
2460:  00 00 00 00 00 00 00 00 00 00 00 00 00 00 00 00
2470:  00 00 00 00 00 00 00 00 00 00 00 00 00 00 00 00
2480:  00 00 00 00 00 00 00 00 00 00 00 00 00 00 00 00
2490:  00 00 00 00 00 00 00 00 00 00 00 00 00 00 00 00
24A0:  00 00 00 00 00 00 00 00 00 00 00 00 00 00 00 00
24B0:  00 00 00 00 00 00 00 00 00 00 00 00 00 00 00 00
24C0:  00 00 00 00 00 00 00 00 00 00 00 00 00 00 00 00
24D0:  00 00 00 00 00 00 00 00 00 00 00 00 00 00 00 00
24E0:  00 00 00 00 00 00 00 00 00 00 00 00 00 00 00 00
24F0:  00 00 00 00 00 00 00 00 00 00 00 00 00 00 00 00
2500:  00 00 00 00 00 00 00 00 00 00 00 00 00 00 00 00
2510:  00 00 00 00 00 00 00 00 00 00 00 00 00 00 00 00
2520:  00 00 00 00 00 00 00 00 00 00 00 00 00 00 00 00
2530:  00 00 00 00 00 00 00 00 00 00 00 00 00 00 00 00
2540:  00 00 00 00 00 00 00 00 00 00 00 00 00 00 00 00
2550:  00 00 00 00 00 00 00 00 00 00 00 00 00 00 00 00
2560:  00 00 00 00 00 00 00 00 00 00 00 00 00 00 00 00
2570:  00 00 00 00 00 00 00 00 00 00 00 00 00 00 00 00
2580:  00 00 00 00 00 00 00 00 00 00 00 00 00 00 00 00
2590:  00 00 00 00 00 00 00 00 00 00 00 00 00 00 00 00
25A0:  00 00 00 00 00 00 00 00 00 00 00 00 00 00 00 00
25B0:  00 00 00 00 00 00 00 00 00 00 00 00 00 00 00 00
25C0:  00 00 00 00 00 00 00 00 00 00 00 00 00 00 00 00
25D0:  00 00 00 00 00 00 00 00 00 00 00 00 00 00 00 00
25E0:  00 00 00 00 00 00 00 00 00 00 00 00 00 00 00 00
25F0:  00 00 00 00 00 00 00 00 00 00 00 00 00 00 00 00
2600:  00 00 00 00 00 00 00 00 00 00 00 00 00 00 00 00
2610:  00 00 00 00 00 00 00 00 00 00 00 00 00 00 00 00
2620:  00 00 00 00 00 00 00 00 00 00 00 00 00 00 00 00
2630:  00 00 00 00 00 00 00 00 00 00 00 00 00 00 00 00
2640:  00 00 00 00 00 00 00 00 00 00 00 00 00 00 00 00
2650:  00 00 00 00 00 00 00 00 00 00 00 00 00 00 00 00
2660:  00 00 00 00 00 00 00 00 00 00 00 00 00 00 00 00
2670:  00 00 00 00 00 00 00 00 00 00 00 00 00 00 00 00
2680:  00 00 00 00 00 00 00 00 00 00 00 00 00 00 00 00
2690:  00 00 00 00 00 00 00 00 00 00 00 00 00 00 00 00
26A0:  00 00 00 00 00 00 00 00 00 00 00 00 00 00 00 00
26B0:  00 00 00 00 00 00 00 00 00 00 00 00 00 00 00 00
26C0:  00 00 00 00 00 00 00 00 00 00 00 00 00 00 00 00
26D0:  00 00 00 00 00 00 00 00 00 00 00 00 00 00 00 00
26E0:  00 00 00 00 00 00 00 00 00 00 00 00 00 00 00 00
26F0:  00 00 00 00 00 00 00 00 00 00 00 00 00 00 00 00
2700:  00 00 00 00 00 00 00 00 00 00 00 00 00 00 00 00
2710:  00 00 00 00 00 00 00 00 00 00 00 00 00 00 00 00
2720:  00 00 00 00 00 00 00 00 00 00 00 00 00 00 00 00
2730:  00 00 00 00 00 00 00 00 00 00 00 00 00 00 00 00
2740:  00 00 00 00 00 00 00 00 00 00 00 00 00 00 00 00
2750:  00 00 00 00 00 00 00 00 00 00 00 00 00 00 00 00
2760:  00 00 00 00 00 00 00 00 00 00 00 00 00 00 00 00
2770:  00 00 00 00 00 00 00 00 00 00 00 00 00 00 00 00
2780:  00 00 00 00 00 00 00 00 00 00 00 00 00 00 00 00
2790:  00 00 00 00 00 00 00 00 00 00 00 00 00 00 00 00
27A0:  00 00 00 00 00 00 00 00 00 00 00 00 00 00 00 00
27B0:  00 00 00 00 00 00 00 00 00 00 00 00 00 00 00 00
27C0:  00 00 00 00 00 00 00 00 00 00 00 00 00 00 00 00
27D0:  00 00 00 00 00 00 00 00 00 00 00 00 00 00 00 00
27E0:  00 00 00 00 00 00 00 00 00 00 00 00 00 00 00 00
27F0:  00 00 00 00 00 00 00 00 00 00 00 00 00 00 00 00
2800:  00 00 00 00 00 00 00 00 00 00 00 00 00 00 00 00
2810:  00 00 00 00 00 00 00 00 00 00 00 00 00 00 00 00
2820:  00 00 00 00 00 00 00 00 00 00 00 00 00 00 00 00
2830:  00 00 00 00 00 00 00 00 00 00 00 00 00 00 00 00
2840:  00 00 00 00 00 00 00 00 00 00 00 00 00 00 00 00
2850:  00 00 00 00 00 00 00 00 00 00 00 00 00 00 00 00
2860:  00 00 00 00 00 00 00 00 00 00 00 00 00 00 00 00
2870:  00 00 00 00 00 00 00 00 00 00 00 00 00 00 00 00
2880:  00 00 00 00 00 00 00 00 00 00 00 00 00 00 00 00
2890:  00 00 00 00 00 00 00 00 00 00 00 00 00 00 00 00
28A0:  00 00 00 00 00 00 00 00 00 00 00 00 00 00 00 00
28B0:  00 00 00 00 00 00 00 00 00 00 00 00 00 00 00 00
28C0:  00 00 00 00 00 00 00 00 00 00 00 00 00 00 00 00
28D0:  00 00 00 00 00 00 00 00 00 00 00 00 00 00 00 00
28E0:  00 00 00 00 00 00 00 00 00 00 00 00 00 00 00 00
28F0:  00 00 00 00 00 00 00 00 00 00 00 00 00 00 00 00
2900:  00 00 00 00 00 00 00 00 00 00 00 00 00 00 00 00
2910:  00 00 00 00 00 00 00 00 00 00 00 00 00 00 00 00
2920:  00 00 00 00 00 00 00 00 00 00 00 00 00 00 00 00
2930:  00 00 00 00 00 00 00 00 00 00 00 00 00 00 00 00
2940:  00 00 00 00 00 00 00 00 00 00 00 00 00 00 00 00
2950:  00 00 00 00 00 00 00 00 00 00 00 00 00 00 00 00
2960:  00 00 00 00 00 00 00 00 00 00 00 00 00 00 00 00
2970:  00 00 00 00 00 00 00 00 00 00 00 00 00 00 00 00
2980:  00 00 00 00 00 00 00 00 00 00 00 00 00 00 00 00
2990:  00 00 00 00 00 00 00 00 00 00 00 00 00 00 00 00
29A0:  00 00 00 00 00 00 00 00 00 00 00 00 00 00 00 00
29B0:  00 00 00 00 00 00 00 00 00 00 00 00 00 00 00 00
29C0:  00 00 00 00 00 00 00 00 00 00 00 00 00 00 00 00
29D0:  00 00 00 00 00 00 00 00 00 00 00 00 00 00 00 00
29E0:  00 00 00 00 00 00 00 00 00 00 00 00 00 00 00 00
29F0:  00 00 00 00 00 00 00 00 00 00 00 00 00 00 00 00
2A00:  00 00 00 00 00 00 00 00 00 00 00 00 00 00 00 00
2A10:  00 00 00 00 00 00 00 00 00 00 00 00 00 00 00 00
2A20:  00 00 00 00 00 00 00 00 00 00 00 00 00 00 00 00
2A30:  00 00 00 00 00 00 00 00 00 00 00 00 00 00 00 00
2A40:  00 00 00 00 00 00 00 00 00 00 00 00 00 00 00 00
2A50:  00 00 00 00 00 00 00 00 00 00 00 00 00 00 00 00
2A60:  00 00 00 00 00 00 00 00 00 00 00 00 00 00 00 00
2A70:  00 00 00 00 00 00 00 00 00 00 00 00 00 00 00 00
2A80:  00 00 00 00 00 00 00 00 00 00 00 00 00 00 00 00
2A90:  00 00 00 00 00 00 00 00 00 00 00 00 00 00 00 00
2AA0:  00 00 00 00 00 00 00 00 00 00 00 00 00 00 00 00
2AB0:  00 00 00 00 00 00 00 00 00 00 00 00 00 00 00 00
2AC0:  00 00 00 00 00 00 00 00 00 00 00 00 00 00 00 00
2AD0:  00 00 00 00 00 00 00 00 00 00 00 00 00 00 00 00
2AE0:  00 00 00 00 00 00 00 00 00 00 00 00 00 00 00 00
2AF0:  00 00 00 00 00 00 00 00 00 00 00 00 00 00 00 00
2B00:  00 00 00 00 00 00 00 00 00 00 00 00 00 00 00 00
2B10:  00 00 00 00 00 00 00 00 00 00 00 00 00 00 00 00
2B20:  00 00 00 00 00 00 00 00 00 00 00 00 00 00 00 00
2B30:  00 00 00 00 00 00 00 00 00 00 00 00 00 00 00 00
2B40:  00 00 00 00 00 00 00 00 00 00 00 00 00 00 00 00
2B50:  00 00 00 00 00 00 00 00 00 00 00 00 00 00 00 00
2B60:  00 00 00 00 00 00 00 00 00 00 00 00 00 00 00 00
2B70:  00 00 00 00 00 00 00 00 00 00 00 00 00 00 00 00
2B80:  00 00 00 00 00 00 00 00 00 00 00 00 00 00 00 00
2B90:  00 00 00 00 00 00 00 00 00 00 00 00 00 00 00 00
2BA0:  00 00 00 00 00 00 00 00 00 00 00 00 00 00 00 00
2BB0:  00 00 00 00 00 00 00 00 00 00 00 00 00 00 00 00
2BC0:  00 00 00 00 00 00 00 00 00 00 00 00 00 00 00 00
2BD0:  00 00 00 00 00 00 00 00 00 00 00 00 00 00 00 00
2BE0:  00 00 00 00 00 00 00 00 00 00 00 00 00 00 00 00
2BF0:  00 00 00 00 00 00 00 00 00 00 00 00 00 00 00 00
2C00:  00 00 00 00 00 00 00 00 00 00 00 00 00 00 00 00
2C10:  00 00 00 00 00 00 00 00 00 00 00 00 00 00 00 00
2C20:  00 00 00 00 00 00 00 00 00 00 00 00 00 00 00 00
2C30:  00 00 00 00 00 00 00 00 00 00 00 00 00 00 00 00
2C40:  00 00 00 00 00 00 00 00 00 00 00 00 00 00 00 00
2C50:  00 00 00 00 00 00 00 00 00 00 00 00 00 00 00 00
2C60:  00 00 00 00 00 00 00 00 00 00 00 00 00 00 00 00
2C70:  00 00 00 00 00 00 00 00 00 00 00 00 00 00 00 00
2C80:  00 00 00 00 00 00 00 00 00 00 00 00 00 00 00 00
2C90:  00 00 00 00 00 00 00 00 00 00 00 00 00 00 00 00
2CA0:  00 00 00 00 00 00 00 00 00 00 00 00 00 00 00 00
2CB0:  00 00 00 00 00 00 00 00 00 00 00 00 00 00 00 00
2CC0:  00 00 00 00 00 00 00 00 00 00 00 00 00 00 00 00
2CD0:  00 00 00 00 00 00 00 00 00 00 00 00 00 00 00 00
2CE0:  00 00 00 00 00 00 00 00 00 00 00 00 00 00 00 00
2CF0:  00 00 00 00 00 00 00 00 00 00 00 00 00 00 00 00
2D00:  00 00 00 00 00 00 00 00 00 00 00 00 00 00 00 00
2D10:  00 00 00 00 00 00 00 00 00 00 00 00 00 00 00 00
2D20:  00 00 00 00 00 00 00 00 00 00 00 00 00 00 00 00
2D30:  00 00 00 00 00 00 00 00 00 00 00 00 00 00 00 00
2D40:  00 00 00 00 00 00 00 00 00 00 00 00 00 00 00 00
2D50:  00 00 00 00 00 00 00 00 00 00 00 00 00 00 00 00
2D60:  00 00 00 00 00 00 00 00 00 00 00 00 00 00 00 00
2D70:  00 00 00 00 00 00 00 00 00 00 00 00 00 00 00 00
2D80:  00 00 00 00 00 00 00 00 00 00 00 00 00 00 00 00
2D90:  00 00 00 00 00 00 00 00 00 00 00 00 00 00 00 00
2DA0:  00 00 00 00 00 00 00 00 00 00 00 00 00 00 00 00
2DB0:  00 00 00 00 00 00 00 00 00 00 00 00 00 00 00 00
2DC0:  00 00 00 00 00 00 00 00 00 00 00 00 00 00 00 00
2DD0:  00 00 00 00 00 00 00 00 00 00 00 00 00 00 00 00
2DE0:  00 00 00 00 00 00 00 00 00 00 00 00 00 00 00 00
2DF0:  00 00 00 00 00 00 00 00 00 00 00 00 00 00 00 00
2E00:  00 00 00 00 00 00 00 00 00 00 00 00 00 00 00 00
2E10:  00 00 00 00 00 00 00 00 00 00 00 00 00 00 00 00
2E20:  00 00 00 00 00 00 00 00 00 00 00 00 00 00 00 00
2E30:  00 00 00 00 00 00 00 00 00 00 00 00 00 00 00 00
2E40:  00 00 00 00 00 00 00 00 00 00 00 00 00 00 00 00
2E50:  00 00 00 00 00 00 00 00 00 00 00 00 00 00 00 00
2E60:  00 00 00 00 00 00 00 00 00 00 00 00 00 00 00 00
2E70:  00 00 00 00 00 00 00 00 00 00 00 00 00 00 00 00
2E80:  00 00 00 00 00 00 00 00 00 00 00 00 00 00 00 00
2E90:  00 00 00 00 00 00 00 00 00 00 00 00 00 00 00 00
2EA0:  00 00 00 00 00 00 00 00 00 00 00 00 00 00 00 00
2EB0:  00 00 00 00 00 00 00 00 00 00 00 00 00 00 00 00
2EC0:  00 00 00 00 00 00 00 00 00 00 00 00 00 00 00 00
2ED0:  00 00 00 00 00 00 00 00 00 00 00 00 00 00 00 00
2EE0:  00 00 00 00 00 00 00 00 00 00 00 00 00 00 00 00
2EF0:  00 00 00 00 00 00 00 00 00 00 00 00 00 00 00 00
2F00:  00 00 00 00 00 00 00 00 00 00 00 00 00 00 00 00
2F10:  00 00 00 00 00 00 00 00 00 00 00 00 00 00 00 00
2F20:  00 00 00 00 00 00 00 00 00 00 00 00 00 00 00 00
2F30:  00 00 00 00 00 00 00 00 00 00 00 00 00 00 00 00
2F40:  00 00 00 00 00 00 00 00 00 00 00 00 00 00 00 00
2F50:  00 00 00 00 00 00 00 00 00 00 00 00 00 00 00 00
2F60:  00 00 00 00 00 00 00 00 00 00 00 00 00 00 00 00
2F70:  00 00 00 00 00 00 00 00 00 00 00 00 00 00 00 00
2F80:  00 00 00 00 00 00 00 00 00 00 00 00 00 00 00 00
2F90:  00 00 00 00 00 00 00 00 00 00 00 00 00 00 00 00
2FA0:  00 00 00 00 00 00 00 00 00 00 00 00 00 00 00 00
2FB0:  00 00 00 00 00 00 00 00 00 00 00 00 00 00 00 00
2FC0:  00 00 00 00 00 00 00 00 00 00 00 00 00 00 00 00
2FD0:  00 00 00 00 00 00 00 00 00 00 00 00 00 00 00 00
2FE0:  00 00 00 00 00 00 00 00 00 00 00 00 00 00 00 00
2FF0:  00 00 00 00 00 00 00 00 00 00 00 00 00 00 00 00
3000:  00 00 00 7A 00 C0 0B A8 65 A8 82 A8 C1 A8 E2 A8
3010:  F9 A8 17 A9 34 A9 40 00 00 00 E0 1F 20 60 18 5C
3020:  28 00 50 60 00 00 20 60 E0 1F 20 60 20 00 C0 7F
3030:  C0 1F 00 00 40 00 80 60 C0 1F 40 60 00 00 20 00
3040:  20 00 C0 7F 20 00 E0 1F E0 1F 40 60 F0 1F 40 60
3050:  F0 1F 60 60 A0 00 30 00 F4 1F 05 E0 E0 5A FC 5A
3060:  FA 5A FD 1F F4 FF 03 00 F4 FF F7 1F 0C E0 FD 1F
3070:  0C E0 03 00 0C E0 09 00 0C E0 E3 46 E0 46 FE 46
3080:  0C 00 F5 FF 03 00 F3 5F FC 1F F1 5F 5B 5C F5 1F
3090:  FB 5F F3 1F FE 5F F1 1F 06 40 03 00 1B 00 A0 5E
30A0:  FF 1F 06 A0 0B 00 06 A0 FF 1F FC BF 02 00 FF BF
30B0:  09 4A FD 1F FD BF 03 00 01 A0 01 00 FD BF A0 43
30C0:  01 00 01 40 6A 1F 07 00 00 C0 00 00 20 00 30 00
30D0:  40 60 D0 1F 20 60 30 00 E0 1F F0 1F 20 60 20 00
30E0:  40 60 C0 1F A0 60 20 00 80 7F 20 00 E0 7F E0 1F
30F0:  C0 1F E0 1F 60 60 00 00 80 00 20 00 A0 60 E0 1F
3100:  00 00 00 C0 20 00 00 00 00 00 40 60 E0 1F 00 00
3110:  20 00 C0 7F 00 00 40 00 20 00 40 60 E0 1F C0 1F
3120:  E0 1F 60 60 20 00 20 60 20 00 C0 7F 00 00 20 60
3130:  E0 1F 20 60 10 00 20 60 F0 1F 20 60 E0 1F A0 7F
3140:  20 00 60 00 20 00 40 60 E0 1F 40 60 10 00 A0 1F
3150:  F0 1F 20 60 10 00 20 60 D0 1F 00 00 08 00 60 60
3160:  18 00 C0 7F 10 00 20 60 F0 1F 40 60 E8 1F E0 7F
3170:  28 00 E0 7F F0 1F 40 00 00 00 20 60 E0 1F 00 00
3180:  00 C0 20 00 00 00 E0 1F 40 60 20 00 C0 1F E0 1F
3190:  80 60 00 00 A0 00 20 00 60 60 E0 1F 20 60 20 00
31A0:  E0 1F 20 00 20 60 C0 1F 20 60 00 00 20 00 40 00
31B0:  C0 7F E0 1F 20 00 20 00 20 60 E0 1F 20 60 E0 1F
31C0:  00 00 00 C0 20 00 00 00 20 00 40 60 C0 1F 20 60
31D0:  00 00 20 00 40 00 C0 7F E0 1F 20 00 10 00 20 60
31E0:  D0 1F 60 60 00 00 80 00 20 00 A0 60 E0 1F 00 00
31F0:  00 C0 20 00 00 00 00 00 40 60 E0 1F E0 60 30 00
3200:  E0 7F E0 1F C0 7F F0 1F 60 00 40 00 60 60 D8 1F
3210:  40 60 18 54 60 00 40 60 F9 1F 03 60 05 00 05 60
3220:  FA 1F 03 60 08 00 05 60 A0 1F 00 00 00 C0 60 00
3230:  00 00 A0 1F 40 60 40 00 60 60 C0 1F 40 60 00 00
3240:  40 00 40 00 80 7F E0 1F 40 00 20 00 40 60 C0 1F
3250:  80 60 20 00 C0 1F 10 00 40 60 D0 1F 20 60 30 00
3260:  E0 1F D0 1F 60 60 00 C0 00 00 C0 00 20 00 E0 60
3270:  E0 1F 40 60 10 00 E0 1F 30 00 40 60 C0 1F 00 00
3280:  00 C0 C0 48 C4 44 C4 5C C0 58 18 44 C8 40 04 5C
3290:  00 C0 C0 4C C6 40 C2 5E C0 5E DE 5E DA 40 06 40
32A0:  C2 5E C0 5E DE 5E DA 40 93 E9 C0 4C C8 40 18 54
32B0:  D6 E9 C0 4C C4 40 C4 5C C0 5C DC 5C DC 40 93 E9
32C0:  C8 40 18 40 C0 4C C8 40 1E 5A DA 40 0C 5A 00 C0
32D0:  C0 4C C8 40 C0 5C 1C 5C C4 40 C0 5C 92 E9 C0 4C
32E0:  00 5A C8 40 00 46 EF E9 C8 40 18 4C C8 40 1C 40
32F0:  C0 54 08 40 00 C0 00 44 C4 5C C4 40 B4 E9 C0 4C
3300:  06 40 DA 5A C6 5A 06 40 00 C0 00 4C C0 54 D6 E9
3310:  C0 4C C4 5C C4 44 EF E9 C0 4C C8 54 B4 E9 C0 4C
3320:  C8 40 C0 54 D8 40 0C 40 00 C0 C0 4C C8 40 C0 5A
3330:  D8 40 66 E9 C0 4C C8 40 C0 58 DC 5C DC 40 04 44
3340:  C4 5C D7 E9 C0 4C C8 40 C0 5A D8 40 02 40 C6 5A
3350:  D7 E9 C8 40 C0 46 D8 40 C0 46 C8 40 B5 E9 00 4C
3360:  76 E9 00 4C C0 54 C8 40 C0 4C 04 54 00 C0 00 4C
3370:  C4 54 C4 4C B5 E9 00 4C C0 54 C4 44 C4 5C B4 E9
3380:  C8 4C 18 40 C8 54 F0 E9 04 40 C0 48 DC 44 08 40
3390:  DC 5C 08 58 00 C0 00 4C C8 40 D8 54 D6 E9 04 4C
33A0:  78 E9 00 4C C8 40 C0 5A D8 40 C0 5A C8 40 04 40
33B0:  00 C0 00 4C C8 40 C0 54 D8 40 00 46 C8 40 04 5A
33C0:  00 C0 00 4C C0 5A C8 40 00 46 EF E9 00 46 C8 40
33D0:  C0 5A D8 40 C0 4C 0C 54 00 C0 00 4C C8 40 C0 54
33E0:  04 40 00 C0 C0 4C DA E9 08 46 D8 40 C0 46 EE E9
33F0:  93 A9 8F A9 CF A9 D1 A9 D9 A9 E1 A9 A9 A9 E6 A9
3400:  ED A9 F2 A9 F4 A9 41 A9 49 A9 55 A9 59 A9 60 A9
3410:  62 A9 68 A9 6F A9 74 A9 7B A9 7F A9 85 A9 88 A9
3420:  8C A9 8F A9 95 A9 9A A9 A2 A9 A9 A9 AF A9 B1 A9
3430:  B7 A9 BB A9 C0 A9 C4 A9 CB A9 93 A9 D6 A9 2A AA
3440:  33 AA 00 C0 00 42 C0 48 C4 42 C4 5E C0 58 DC 5E
3450:  DC 42 00 C0 22 AA 01 00 0B 00 DD 40 C0 47 C3 40
3460:  ED 1F 0D 00 00 C0 22 AA 01 00 05 00 C0 47 C3 40
3470:  C0 5D DD 40 F3 1F 13 00 00 C0 00 00 C0 1F 00 00
3480:  00 E0 C0 1F C0 1F 00 00 00 E0 C0 1F 40 00 00 00
3490:  00 E0 20 00 60 00 00 00 00 E0 E0 1F 40 00 00 00
34A0:  00 E0 40 00 00 00 00 00 00 E0 60 00 20 00 00 00
34B0:  00 E0 60 00 E0 1F 00 00 00 E0 E0 1F 80 1F 00 00
34C0:  00 E0 20 00 A0 1F 00 00 00 E0 00 C0 40 80 51 1F
34D0:  00 00 64 00 00 60 19 00 B5 1F E7 1F 00 60 00 00
34E0:  96 60 19 00 00 60 64 00 00 00 19 00 00 60 00 00
34F0:  6A 7F E7 1F 00 60 19 00 4B 00 64 00 00 60 00 C0
3500:  40 80 51 1F 00 00 64 00 00 E0 28 00 00 60 00 00
3510:  DD 1F D8 1F D8 FF 00 00 96 E0 28 00 D8 FF 46 00
3520:  00 00 28 00 28 E0 00 00 6A FF D8 1F 28 E0 00 00
3530:  23 00 28 00 00 60 64 00 00 E0 00 C0 40 80 3C 01
3540:  44 00 FC 40 C4 1F C4 1F E0 5C 44 00 C4 1F FC 40
3550:  00 00 44 00 34 00 DC BF 08 00 24 00 E0 44 F0 1F
3560:  24 00 CC 1F DC BF 00 C0 DD 43 03 00 09 C0 06 00
3570:  03 C0 F7 1F 24 C0 DD 5D 00 00 DC DF 09 46 00 00
3580:  15 C0 FD 1F 00 C0 00 00 F7 DF F7 1F 1B 00 00 C0
3590:  B4 AA 40 80 32 00 9C 1F 00 00 B5 DF 9C 1F 23 00
35A0:  64 00 28 C0 64 00 9C DF 19 00 FA 00 83 1F 6A DF
35B0:  CE 1F 64 C0 00 C0 00 00 50 C0 CE 1F 24 1F CE 1F
35C0:  41 C0 96 00 9C 1F D3 1F 00 C0 91 00 E7 1F 2D 00
35D0:  6A DF 1E 00 E1 00 B5 1F B5 DF 19 00 FA 00 5F 00
35E0:  0A C0 A1 1F F6 1F 3C 00 64 C0 00 C0 3C 00 64 C0
35F0:  2D 00 9C 1F 97 1F 00 C0 F6 1F ED 1E 5F 00 97 DF
3600:  83 1F 88 1F 0A 00 CE DF F6 1F 32 00 88 1F 7E DF
3610:  BA 1F 31 01 FB 1F A6 DF 9C 1F BE 00 74 1F 2D C0
3620:  F0 00 6E 00 D8 1F 00 C0 00 C0 00 00 69 C0 38 1F
3630:  29 1F 6A 1F B0 DF 86 01 65 1F CE 1F 00 C0 32 00
3640:  00 00 19 00 AB DF 27 01 78 00 73 00 88 DF 0F 00
3650:  AF 00 7E 1F C9 DF E7 1F E0 01 00 00 46 C0 69 00
3660:  3D 1F C4 1F 19 C0 55 00 4B C0 00 C0 41 00 F1 DF
3670:  D8 1F 32 00 E7 1F DD DF 2F 1E D8 1F 64 00 69 C0
3680:  60 1F B0 1F 3C 00 E7 DF C4 1F F6 DF A2 1E 06 1F
3690:  3C 00 DD DF C4 1F D8 DF 90 01 8D 1F E2 1F DD DF
36A0:  00 C0 BA 1F 32 C0 1E 00 9C 1F 28 00 32 C0 EC 1F
36B0:  DB 01 CE 1F CE DF 58 02 87 00 CE 1F 0F C0 AC 1E
36C0:  0F 00 92 1F 5F C0 00 C0 4B 00 73 C0 8D 1F A6 1F
36D0:  28 00 E7 DF BA 1F 21 1D F1 1F BF DF 00 C0 2D 00
36E0:  AB DF A1 1F 32 00 32 00 23 C0 F1 1F 57 03 3C 00
36F0:  E2 DF 1E 00 50 C0 00 C0 C9 AA DB AA F6 AA 15 AB
3700:  36 AB 51 AB 64 AB 6F AB 00 C0 40 80 00 71 08 02
3710:  08 02 10 62 40 80 F8 1D F8 1D 20 60 88 00 08 00
3720:  00 00 FF E3 FF 02 00 E0 00 00 01 FC 01 1D 00 E0
3730:  FF 02 FF E2 00 1F 00 E1 01 1E 01 FE 00 02 00 FE
3740:  FF 00 00 E1 01 1D FF E2 FF 02 00 00 01 1D 01 FD
3750:  FF 00 00 FF 00 02 00 E2 01 1E FF E1 00 1F 00 FF
3760:  FF 02 01 FD 40 80 18 5C EF 40 1F 42 D3 40 01 42
3770:  AB 40 1F 42 97 40 01 42 67 40 1F 42 5B 40 01 42
3780:  23 40 00 C0 92 00 00 00 00 01 01 01 01 01 01 02
3790:  02 02 02 02 02 03 03 03 03 03 03 03 04 04 04 04
37A0:  04 04 05 05 05 05 05 05 06 06 06 06 06 06 06 07
37B0:  07 07 07 07 07 08 08 08 08 08 08 08 09 09 09 09
37C0:  09 09 0A 0A 0A 0A 0A 0A 0A 0B 0B 0B 0B 0B 0B 0B
37D0:  0C 0C 0C 0C 0C 0C 0C 0D 0D 0D 0D 0D 0D 0D 0E 0E
37E0:  0E 0E 0E 0E 0E 0F 0F 0F 0F 0F 0F 0F 10 10 10 10
37F0:  10 10 10 11 11 11 11 11 11 11 11 12 12 12 12 12
3800:  12 12 13 13 13 13 13 13 13 13 14 14 14 14 14 14
3810:  14 14 15 15 15 15 15 15 15 15 15 16 16 16 16 16
3820:  16 16 16 17 17 17 17 17 17 17 17 17 18 18 18 18
3830:  18 18 18 18 18 19 19 19 19 19 19 19 19 19 19 1A
3840:  1A 1A 1A 1A 1A 1A 1A 1A 1B 1B 1B 1B 1B 1B 1B 1B
3850:  1B 1B 1C 1C 1C 1C 1C 1C 1C 1C 1C 1C 1C 1D 1D 1D
3860:  1D 1D 1D 1D 1D 1D 1D 1D 1E 1E 1E 1E 1E 1E 1E 1E
3870:  1E 1E 1E 1F 1F 1F 1F 1F 1F 1F 1F 1F 1F 1F 1F 20
3880:  20 20 20 20 20 D4 00 14 24 49 05 10 20 30 E6 38
3890:  05 39 55 39 36 39 55 3A 30 3A 0B 3A E6 39 7A 3A
38A0:  9F 3A C4 3A E9 3A 3B 3C 0E 3B 3F 3B 5A 3C 9B 3B
38B0:  C0 3B 46 3B 0E 3B C0 3B 9B 3B 8B 3C D5 76 C0 3B
38C0:  0A 3C 9B 3B F1 3B 9B 3B 0A 3C 4E 77 CD 77 B0 3E
38D0:  17 3F 00 00 00 00 28 3D 59 3D 8A 3D BB 3D EC 3D
38E0:  1D 3E 4E 3E 7F 3E 1F 00 FE 00 FE C0 FE 00 FE 00
38F0:  02 C0 FE 00 02 00 02 C0 FE 00 02 00 FE C0 FE 00
3900:  00 00 00 40 01 31 00 FE 00 FE C0 FE 00 FE 00 02
3910:  C0 FE 00 02 00 02 C0 FE 00 02 00 FE C0 FE 00 FE
3920:  00 FE 40 01 00 FE 00 02 40 01 00 02 00 02 40 01
3930:  00 02 00 FE 40 01 1F D8 FF D8 FF D0 FF D8 FF D8
3940:  FF F8 FF D8 FF 28 00 F8 FF D8 FF 28 00 D0 FF 50
3950:  00 00 00 E4 FF 91 20 FD 00 FE C0 FE 20 FD 00 02
3960:  C0 FE C8 03 00 02 C0 FE C8 03 00 FE C0 FE 00 FC
3970:  C8 FD 30 FF 00 FC 38 02 30 FF E0 04 38 02 30 FF
3980:  E0 04 C8 FD 30 FF 58 FD A8 FE 88 FF 58 FD 58 01
3990:  88 FF A8 02 58 01 88 FF A8 02 A8 FE 88 FF 00 FE
39A0:  58 FF 30 00 00 FE A8 00 30 00 80 FF D8 FF F8 FF
39B0:  80 FF 28 00 F8 FF 80 00 28 00 D0 FF 80 00 D8 FF
39C0:  D0 FF 60 04 28 00 F8 FF 60 04 28 00 D0 FF 60 04
39D0:  D8 FF F8 FF 60 04 D8 FF D0 FF 00 FE 00 00 30 00
39E0:  00 FE 00 00 50 00 25 00 FC C8 FD 30 FF 00 FC 38
39F0:  02 30 FF 68 FC DC FD 08 FF 68 FC 24 02 08 FF D0
3A00:  FC EC FD E0 FE D0 FC 14 02 E0 FE 25 18 FC CC FD
3A10:  28 FF 18 FC 34 02 28 FF 80 FC E0 FD 00 FF 80 FC
3A20:  20 02 00 FF E8 FC F0 FD D8 FE E8 FC 10 02 D8 FE
3A30:  25 34 FC D4 FD 1C FF 34 FC 2C 02 1C FF 9C FC E4
3A40:  FD F4 FE 9C FC 1C 02 F4 FE 04 FD F8 FD CC FE 04
3A50:  FD 08 02 CC FE 25 4C FC D8 FD 14 FF 4C FC 28 02
3A60:  14 FF B4 FC E8 FD EC FE B4 FC 18 02 EC FE 20 FD
3A70:  FC FD C4 FE 20 FD 04 02 C4 FE 25 E0 04 C8 FD 30
3A80:  FF E0 04 38 02 30 FF 80 04 DC FD 08 FF 80 04 24
3A90:  02 08 FF 20 04 EC FD E0 FE 20 04 14 02 E0 FE 25
3AA0:  C8 04 CC FD 28 FF C8 04 34 02 28 FF 68 04 E0 FD
3AB0:  00 FF 68 04 20 02 00 FF 08 04 F0 FD D8 FE 08 04
3AC0:  10 02 D8 FE 25 B0 04 D4 FD 1C FF B0 04 2C 02 1C
3AD0:  FF 50 04 E4 FD F4 FE 50 04 1C 02 F4 FE F0 03 F8
3AE0:  FD CC FE F0 03 08 02 CC FE 25 98 04 D8 FD 14 FF
3AF0:  98 04 28 02 14 FF 38 04 E8 FD EC FE 38 04 18 02
3B00:  EC FE D8 03 FC FD C4 FE D8 03 04 02 C4 FE 31 00
3B10:  00 B0 FF 50 00 50 00 60 FF 64 00 50 00 60 FF 78
3B20:  00 00 00 B0 FF 8C 00 00 00 50 00 50 00 50 00 A0
3B30:  00 64 00 50 00 A0 00 78 00 00 00 50 00 8C 00 07
3B40:  00 00 00 00 00 00 55 B4 FD A8 FE 6C FF B4 FD 58
3B50:  01 6C FF 4C 02 58 01 18 FE 4C 02 A8 FE 18 FE F0
3B60:  FE 58 FF D0 FF F0 FE A8 00 D0 FF 00 00 D8 FF 44
3B70:  FF 00 00 28 00 44 FF B4 00 28 00 E0 FE B4 00 D8
3B80:  FF E0 FE 38 04 28 00 0C FE 10 04 28 00 E8 FD 38
3B90:  04 D8 FF 0C FE 10 04 D8 FF E8 FD 25 DC 00 00 00
3BA0:  F0 FE C0 FE B0 FF 44 FF 54 01 50 00 A0 FF 48 FF
3BB0:  00 00 9C FE 84 FF B0 FF 00 FF 8C FF 50 00 30 FF
3BC0:  31 10 FF 88 FF C0 FE 88 FE 40 00 E8 FE D0 02 A0
3BD0:  00 80 FE 80 02 88 FF C0 FE D8 FF C0 FF B0 FF 00
3BE0:  00 20 00 C4 FF 38 00 60 FF 38 FF 78 00 C8 00 10
3BF0:  FF 19 B0 FF F4 FF E0 FE D8 01 70 00 50 FE 20 03
3C00:  D4 FF 0C 00 58 00 F0 FF F4 FE 31 D4 FE B8 FF 48
3C10:  FF 18 FF 58 FF 48 FF 18 FF F0 FE 14 FF D4 FE F0
3C20:  FE E4 FE A0 FF A8 00 34 FF 28 00 0C 00 40 FF 28
3C30:  00 FC FE BC FE A0 FF 18 FF 6C FE 1F E0 FC E0 FC
3C40:  C0 FE E0 FC 20 03 C0 FE 20 03 20 03 C0 FE 20 03
3C50:  E0 FC C0 FE 00 00 00 00 90 01 31 80 FD 80 FD C0
3C60:  FE 80 FD 80 02 C0 FE 80 02 80 02 C0 FE 80 02 80
3C70:  FD C0 FE 80 FD 80 FD D8 FF 80 FD 80 02 D8 FF 80
3C80:  02 80 02 D8 FF 80 02 80 FD D8 FF 9D 80 FE 90 00
3C90:  00 00 80 FE 48 00 30 00 80 FE B8 FF 30 00 80 FE
3CA0:  70 FF 00 00 80 FE B8 FF D0 FF 80 FE 48 00 D0 FF
3CB0:  A0 FF 20 01 00 00 A0 FF C0 00 60 00 A0 FF 40 FF
3CC0:  60 00 A0 FF E0 FE 00 00 A0 FF 40 FF A0 FF A0 FF
3CD0:  C0 00 A0 FF 80 04 00 00 00 00 70 05 00 00 00 00
3CE0:  70 FF 70 FF 58 FF 70 FF 90 00 58 FF 90 00 90 00
3CF0:  58 FF 90 00 70 FF 58 FF D0 FF D0 FF A4 FF D0 FF
3D00:  30 00 A4 FF 30 00 30 00 AC FF 30 00 D0 FF AC FF
3D10:  A0 FF 00 00 60 00 10 02 48 00 30 00 10 02 B8 FF
3D20:  30 00 30 00 00 00 90 00 31 00 00 34 00 4C FF 24
3D30:  00 24 00 4C FF 34 00 00 00 4C FF 24 00 DC FF 4C
3D40:  FF 00 00 CC FF 4C FF DC FF DC FF 4C FF CC FF 00
3D50:  00 4C FF DC FF 24 00 4C FF 31 00 00 64 00 38 FF
3D60:  48 00 48 00 38 FF 64 00 00 00 38 FF 48 00 B8 FF
3D70:  38 FF 00 00 9C FF 38 FF B8 FF B8 FF 38 FF 9C FF
3D80:  00 00 38 FF B8 FF 48 00 38 FF 31 00 00 98 00 24
3D90:  FF 6C 00 6C 00 24 FF 98 00 00 00 24 FF 6C 00 94
3DA0:  FF 24 FF 00 00 68 FF 24 FF 94 FF 94 FF 24 FF 68
3DB0:  FF 00 00 24 FF 94 FF 6C 00 24 FF 31 00 00 C8 00
3DC0:  10 FF 90 00 90 00 10 FF C8 00 00 00 10 FF 90 00
3DD0:  70 FF 10 FF 00 00 38 FF 10 FF 70 FF 70 FF 10 FF
3DE0:  38 FF 00 00 10 FF 70 FF 90 00 10 FF 31 00 00 FC
3DF0:  00 FC FE B0 00 B0 00 FC FE FC 00 00 00 FC FE B0
3E00:  00 50 FF FC FE 00 00 04 FF FC FE 50 FF 50 FF FC
3E10:  FE 04 FF 00 00 FC FE 50 FF B0 00 FC FE 31 00 00
3E20:  2C 01 E8 FE D4 00 D4 00 E8 FE 2C 01 00 00 E8 FE
3E30:  D4 00 2C FF E8 FE 00 00 D4 FE E8 FE 2C FF 2C FF
3E40:  E8 FE D4 FE 00 00 E8 FE 2C FF D4 00 E8 FE 31 00
3E50:  00 60 01 D4 FE 08 01 08 01 D4 FE 60 01 00 00 D4
3E60:  FE 08 01 F8 FE D4 FE 00 00 A0 FE D4 FE F8 FE F8
3E70:  FE D4 FE A0 FE 00 00 D4 FE F8 FE 08 01 D4 FE 31
3E80:  00 00 90 01 C0 FE 1C 01 1C 01 C0 FE 90 01 00 00
3E90:  C0 FE 1C 01 E4 FE C0 FE 00 00 70 FE C0 FE E4 FE
3EA0:  E4 FE C0 FE 70 FE 00 00 C0 FE E4 FE 1C 01 C0 FE
3EB0:  67 10 FF 00 00 D8 FF 60 FF A0 00 D8 FF 00 00 F0
3EC0:  00 D8 FF A0 00 A0 00 D8 FF F0 00 00 00 D8 FF A0
3ED0:  00 60 FF D8 FF 00 00 10 FF D8 FF 60 FF 60 FF D8
3EE0:  FF 40 FC 00 00 50 00 58 FD A8 02 50 00 00 00 C0
3EF0:  03 50 00 A8 02 A8 02 50 00 C0 03 00 00 50 00 A8
3F00:  02 58 FD 50 00 00 00 40 FC 50 00 58 FD 58 FD 50
3F10:  00 00 00 00 00 18 01 97 B0 05 70 01 C0 FE 38 FE
3F20:  28 02 C0 FE 38 FE D8 FD C0 FE B0 05 90 FE C0 FE
3F30:  38 FE C8 01 A4 FF 38 FE 38 FE A4 FF 48 04 00 00
3F40:  EC FE F0 FE 10 01 8C FF 38 FE 10 01 A4 FF 38 FE
3F50:  F0 FE A4 FF F0 FE F0 FE 8C FF F0 FE B8 00 2C 00
3F60:  38 FE B8 00 2C 00 38 FE 48 FF 2C 00 F0 FE 48 FF
3F70:  2C 00 00 05 58 00 D4 FF 58 00 58 00 D4 FF 58 00
3F80:  A8 FF D4 FF 00 05 A8 FF D4 FF 00 05 58 00 00 00
3F90:  A8 FF 58 00 00 00 A8 FF A8 FF 00 00 00 05 A8 FF
3FA0:  00 00 38 FE 00 00 2C 00 38 FE 00 00 14 01 88 FF
3FB0:  88 FF 14 00 C8 00 00 00 60 FF 78 00 00 00 EC FF
3FC0:  C8 00 60 FF 60 FF 37 28 46 58 28 42 0C 00 0F 10
3FD0:  0C 20 0F 40 0C 18 00 28 01 30 00 38 01 40 0F 48
3FE0:  0C 50 00 58 01 60 0F 68 0C 70 00 78 01 80 0F 88
3FF0:  0C 90 00 98 01 A0 FF 17 80 1E 80 1F 80 00 00 00
